500 1.000000 1460.000000
1000 1.000000 1460.000000
1500 1.000000 1460.000000
2000 1.000000 1460.000000
2500 1.000000 1460.000000
3000 1.000000 1460.000000
3500 1.000000 1460.000000
4000 1.000000 1460.000000
4500 1.000000 1460.000000
5000 1.000000 1460.000000
5500 1.000000 1460.000000
6000 1.000000 1460.000000
6500 1.000000 1460.000000
7000 1.000000 1460.000000
7500 1.000000 1460.000000
8000 1.000000 1460.000000
8500 1.000000 1460.000000
9000 1.000000 1460.000000
9500 1.000000 1460.000000
10000 1.000000 1460.000000
10500 1.000000 1460.000000
11000 1.000000 1460.000000
11500 1.000000 1460.000000
12000 1.000000 1460.000000
12500 1.000000 1460.000000
13000 8.000000 11680.000000
13500 8.000000 11680.000000
14000 8.000000 11680.000000
14500 8.000000 11680.000000
15000 8.000000 11680.000000
15500 8.000000 11680.000000
16000 8.000000 11680.000000
16500 8.000000 11680.000000
17000 8.000000 11680.000000
17500 8.000000 11680.000000
18000 8.000000 11680.000000
18500 8.000000 11680.000000
19000 8.000000 11680.000000
19500 8.000000 11680.000000
20000 8.000000 11680.000000
20500 8.000000 11680.000000
21000 15.000000 21900.000000
21500 15.000000 21900.000000
22000 15.000000 21900.000000
22500 15.000000 21900.000000
23000 15.000000 21900.000000
23500 15.000000 21900.000000
24000 15.000000 21900.000000
24500 15.000000 21900.000000
25000 15.000000 21900.000000
25500 15.000000 21900.000000
26000 15.000000 21900.000000
26500 15.000000 21900.000000
27000 15.000000 21900.000000
27500 15.000000 21900.000000
28000 15.000000 21900.000000
28500 15.000000 21900.000000
29000 15.000000 21900.000000
29500 15.000000 21900.000000
30000 16.371407 23902.253906
30500 16.371407 23902.253906
31000 16.371407 23902.253906
31500 16.371407 23902.253906
32000 16.371407 23902.253906
32500 16.371407 23902.253906
33000 16.371407 23902.253906
33500 16.371407 23902.253906
34000 16.371407 23902.253906
34500 16.371407 23902.253906
35000 16.371407 23902.253906
35500 16.371407 23902.253906
36000 16.371407 23902.253906
36500 16.371407 23902.253906
37000 16.371407 23902.253906
37500 16.371407 23902.253906
38000 16.371407 23902.253906
38500 16.371407 23902.253906
39000 16.371407 23902.253906
39500 16.371407 23902.253906
40000 16.371407 23902.253906
40500 16.794300 24519.677734
41000 16.794300 24519.677734
41500 16.794300 24519.677734
42000 16.794300 24519.677734
42500 16.794300 24519.677734
43000 16.794300 24519.677734
43500 16.794300 24519.677734
44000 16.794300 24519.677734
44500 16.794300 24519.677734
45000 16.794300 24519.677734
45500 16.794300 24519.677734
46000 16.794300 24519.677734
46500 16.794300 24519.677734
47000 16.794300 24519.677734
47500 16.794300 24519.677734
48000 16.794300 24519.677734
48500 16.794300 24519.677734
49000 16.794300 24519.677734
49500 16.794300 24519.677734
50000 16.794300 24519.677734
50500 16.794300 24519.677734
51000 16.794300 24519.677734
51500 16.794300 24519.677734
52000 16.794300 24519.677734
52500 16.794300 24519.677734
53000 17.206766 25121.878906
53500 17.206766 25121.878906
54000 17.206766 25121.878906
54500 17.206766 25121.878906
55000 17.206766 25121.878906
55500 17.206766 25121.878906
56000 17.206766 25121.878906
56500 17.206766 25121.878906
57000 17.206766 25121.878906
57500 17.206766 25121.878906
58000 17.206766 25121.878906
58500 17.206766 25121.878906
59000 17.206766 25121.878906
59500 17.206766 25121.878906
60000 17.206766 25121.878906
60500 17.206766 25121.878906
61000 17.206766 25121.878906
61500 17.206766 25121.878906
62000 17.206766 25121.878906
62500 17.206766 25121.878906
63000 17.206766 25121.878906
63500 17.206766 25121.878906
64000 17.206766 25121.878906
64500 17.206766 25121.878906
65000 17.609543 25709.931641
65500 17.609543 25709.931641
66000 17.609543 25709.931641
66500 17.609543 25709.931641
67000 17.609543 25709.931641
67500 17.609543 25709.931641
68000 17.609543 25709.931641
68500 17.609543 25709.931641
69000 17.609543 25709.931641
69500 17.609543 25709.931641
70000 17.609543 25709.931641
70500 17.609543 25709.931641
71000 17.609543 25709.931641
71500 17.609543 25709.931641
72000 17.609543 25709.931641
72500 17.609543 25709.931641
73000 17.609543 25709.931641
73500 17.609543 25709.931641
74000 17.609543 25709.931641
74500 17.609543 25709.931641
75000 17.609543 25709.931641
75500 17.609543 25709.931641
76000 17.609543 25709.931641
76500 17.609543 25709.931641
77000 17.609543 25709.931641
77500 17.947563 26203.441406
78000 17.947563 26203.441406
78500 17.947563 26203.441406
79000 17.947563 26203.441406
79500 17.947563 26203.441406
80000 17.947563 26203.441406
80500 17.947563 26203.441406
81000 17.947563 26203.441406
81500 17.947563 26203.441406
82000 17.947563 26203.441406
82500 17.947563 26203.441406
83000 17.947563 26203.441406
83500 17.947563 26203.441406
84000 17.947563 26203.441406
84500 17.947563 26203.441406
85000 17.947563 26203.441406
85500 17.947563 26203.441406
86000 17.947563 26203.441406
86500 17.947563 26203.441406
87000 17.947563 26203.441406
87500 18.279314 26687.798828
88000 18.279314 26687.798828
88500 18.279314 26687.798828
89000 18.279314 26687.798828
89500 18.279314 26687.798828
90000 18.279314 26687.798828
90500 18.279314 26687.798828
91000 18.279314 26687.798828
91500 18.279314 26687.798828
92000 18.279314 26687.798828
92500 18.279314 26687.798828
93000 18.279314 26687.798828
93500 18.279314 26687.798828
94000 18.279314 26687.798828
94500 18.279314 26687.798828
95000 18.279314 26687.798828
95500 18.279314 26687.798828
96000 18.658884 27241.970703
96500 18.658884 27241.970703
97000 18.658884 27241.970703
97500 18.658884 27241.970703
98000 18.658884 27241.970703
98500 18.658884 27241.970703
99000 18.658884 27241.970703
99500 18.658884 27241.970703
100000 18.658884 27241.970703
100500 18.658884 27241.970703
101000 18.658884 27241.970703
101500 18.658884 27241.970703
102000 18.658884 27241.970703
102500 18.658884 27241.970703
103000 18.658884 27241.970703
103500 18.658884 27241.970703
104000 18.658884 27241.970703
104500 18.658884 27241.970703
105000 18.658884 27241.970703
105500 19.030863 27785.060547
106000 19.030863 27785.060547
106500 19.030863 27785.060547
107000 19.030863 27785.060547
107500 19.030863 27785.060547
108000 19.030863 27785.060547
108500 19.030863 27785.060547
109000 19.030863 27785.060547
109500 19.030863 27785.060547
110000 19.030863 27785.060547
110500 19.030863 27785.060547
111000 19.030863 27785.060547
111500 19.030863 27785.060547
112000 19.030863 27785.060547
112500 19.030863 27785.060547
113000 19.030863 27785.060547
113500 19.030863 27785.060547
114000 19.030863 27785.060547
114500 19.030863 27785.060547
115000 19.030863 27785.060547
115500 18.188066 26554.576172
116000 18.188066 26554.576172
116500 18.188066 26554.576172
117000 18.188066 26554.576172
117500 18.188066 26554.576172
118000 17.688066 25824.576172
118500 17.688066 25824.576172
119000 17.688066 25824.576172
119500 17.688066 25824.576172
120000 17.688066 25824.576172
120500 17.688066 25824.576172
121000 17.688066 25824.576172
121500 17.688066 25824.576172
122000 17.688066 25824.576172
122500 17.688066 25824.576172
123000 17.688066 25824.576172
123500 17.688066 25824.576172
124000 17.188066 25094.576172
124500 17.188066 25094.576172
125000 17.188066 25094.576172
125500 17.188066 25094.576172
126000 17.188066 25094.576172
126500 17.188066 25094.576172
127000 17.188066 25094.576172
127500 17.188066 25094.576172
128000 17.188066 25094.576172
128500 17.188066 25094.576172
129000 17.591272 25683.257812
129500 17.591272 25683.257812
130000 17.591272 25683.257812
130500 17.591272 25683.257812
131000 17.591272 25683.257812
131500 17.591272 25683.257812
132000 17.591272 25683.257812
132500 17.591272 25683.257812
133000 17.591272 25683.257812
133500 17.591272 25683.257812
134000 17.591272 25683.257812
134500 17.591272 25683.257812
135000 17.591272 25683.257812
135500 17.591272 25683.257812
136000 17.591272 25683.257812
136500 17.591272 25683.257812
137000 17.591272 25683.257812
137500 17.591272 25683.257812
138000 17.591272 25683.257812
138500 17.591272 25683.257812
139000 17.591272 25683.257812
139500 17.985413 26258.703125
140000 17.985413 26258.703125
140500 17.985413 26258.703125
141000 17.985413 26258.703125
141500 17.985413 26258.703125
142000 17.985413 26258.703125
142500 17.985413 26258.703125
143000 17.985413 26258.703125
143500 17.985413 26258.703125
144000 17.985413 26258.703125
144500 17.985413 26258.703125
145000 17.985413 26258.703125
145500 17.985413 26258.703125
146000 17.985413 26258.703125
146500 17.985413 26258.703125
147000 17.985413 26258.703125
147500 17.985413 26258.703125
148000 17.985413 26258.703125
148500 17.985413 26258.703125
149000 17.985413 26258.703125
149500 17.985413 26258.703125
150000 18.206795 26581.919922
150500 18.316479 26742.058594
151000 18.316479 26742.058594
151500 18.316479 26742.058594
152000 18.316479 26742.058594
152500 18.316479 26742.058594
153000 18.316479 26742.058594
153500 18.316479 26742.058594
154000 18.316479 26742.058594
154500 18.316479 26742.058594
155000 18.316479 26742.058594
155500 18.316479 26742.058594
156000 18.316479 26742.058594
156500 18.316479 26742.058594
157000 18.316479 26742.058594
157500 18.316479 26742.058594
158000 18.316479 26742.058594
158500 18.316479 26742.058594
159000 18.316479 26742.058594
159500 18.695292 27295.125000
160000 18.695292 27295.125000
160500 18.695292 27295.125000
161000 18.695292 27295.125000
161500 18.695292 27295.125000
162000 18.695292 27295.125000
162500 18.695292 27295.125000
163000 18.695292 27295.125000
163500 18.695292 27295.125000
164000 18.695292 27295.125000
164500 18.695292 27295.125000
165000 18.695292 27295.125000
165500 18.695292 27295.125000
166000 18.695292 27295.125000
166500 18.695292 27295.125000
167000 18.695292 27295.125000
167500 18.695292 27295.125000
168000 18.695292 27295.125000
168500 18.695292 27295.125000
169000 18.695292 27295.125000
169500 19.066561 27837.177734
170000 19.066561 27837.177734
170500 19.066561 27837.177734
171000 19.066561 27837.177734
171500 19.066561 27837.177734
172000 19.066561 27837.177734
172500 19.066561 27837.177734
173000 19.066561 27837.177734
173500 19.066561 27837.177734
174000 19.066561 27837.177734
174500 19.066561 27837.177734
175000 19.066561 27837.177734
175500 19.066561 27837.177734
176000 19.066561 27837.177734
176500 19.066561 27837.177734
177000 19.066561 27837.177734
177500 19.066561 27837.177734
178000 19.066561 27837.177734
178500 19.066561 27837.177734
179000 19.430716 28368.843750
179500 19.430716 28368.843750
180000 19.430716 28368.843750
180500 19.430716 28368.843750
181000 19.430716 28368.843750
181500 19.430716 28368.843750
182000 19.430716 28368.843750
182500 19.430716 28368.843750
183000 19.430716 28368.843750
183500 19.430716 28368.843750
184000 19.430716 28368.843750
184500 19.430716 28368.843750
185000 19.430716 28368.843750
185500 19.430716 28368.843750
186000 19.430716 28368.843750
186500 19.430716 28368.843750
187000 19.430716 28368.843750
187500 19.430716 28368.843750
188000 19.430716 28368.843750
188500 19.430716 28368.843750
189000 19.430716 28368.843750
189500 19.430716 28368.843750
190000 19.430716 28368.843750
190500 19.788151 28890.699219
191000 19.788151 28890.699219
191500 19.788151 28890.699219
192000 19.788151 28890.699219
192500 19.788151 28890.699219
193000 19.788151 28890.699219
193500 19.788151 28890.699219
194000 19.788151 28890.699219
194500 19.788151 28890.699219
195000 19.788151 28890.699219
195500 19.788151 28890.699219
196000 19.788151 28890.699219
196500 19.788151 28890.699219
197000 19.788151 28890.699219
197500 19.788151 28890.699219
198000 19.788151 28890.699219
198500 19.788151 28890.699219
199000 19.788151 28890.699219
199500 19.788151 28890.699219
200000 19.788151 28890.699219
200500 20.139231 29403.277344
201000 20.139231 29403.277344
201500 20.139231 29403.277344
202000 20.139231 29403.277344
202500 20.139231 29403.277344
203000 20.139231 29403.277344
203500 20.139231 29403.277344
204000 20.139231 29403.277344
204500 20.139231 29403.277344
205000 20.139231 29403.277344
205500 20.139231 29403.277344
206000 20.139231 29403.277344
206500 20.139231 29403.277344
207000 20.139231 29403.277344
207500 20.139231 29403.277344
208000 20.139231 29403.277344
208500 20.139231 29403.277344
209000 20.139231 29403.277344
209500 20.484278 29907.044922
210000 20.484278 29907.044922
210500 20.484278 29907.044922
211000 20.484278 29907.044922
211500 20.484278 29907.044922
212000 20.484278 29907.044922
212500 20.484278 29907.044922
213000 20.484278 29907.044922
213500 20.484278 29907.044922
214000 20.484278 29907.044922
214500 20.484278 29907.044922
215000 20.484278 29907.044922
215500 20.484278 29907.044922
216000 20.484278 29907.044922
216500 20.484278 29907.044922
217000 20.484278 29907.044922
217500 20.484278 29907.044922
218000 20.484278 29907.044922
218500 20.484278 29907.044922
219000 20.484278 29907.044922
219500 20.775461 30332.173828
220000 20.775461 30332.173828
220500 20.775461 30332.173828
221000 20.775461 30332.173828
221500 20.775461 30332.173828
222000 20.775461 30332.173828
222500 20.775461 30332.173828
223000 20.775461 30332.173828
223500 20.775461 30332.173828
224000 20.775461 30332.173828
224500 20.775461 30332.173828
225000 20.775461 30332.173828
225500 20.775461 30332.173828
226000 20.775461 30332.173828
226500 20.775461 30332.173828
227000 20.775461 30332.173828
227500 20.775461 30332.173828
228000 20.775461 30332.173828
228500 20.775461 30332.173828
229000 20.775461 30332.173828
229500 20.775461 30332.173828
230000 20.775461 30332.173828
230500 20.775461 30332.173828
231000 20.775461 30332.173828
231500 20.775461 30332.173828
232000 20.775461 30332.173828
232500 20.775461 30332.173828
233000 20.775461 30332.173828
233500 20.775461 30332.173828
234000 20.775461 30332.173828
234500 20.775461 30332.173828
235000 20.775461 30332.173828
235500 20.775461 30332.173828
236000 20.775461 30332.173828
236500 20.775461 30332.173828
237000 20.775461 30332.173828
237500 20.775461 30332.173828
238000 20.775461 30332.173828
238500 20.775461 30332.173828
239000 20.775461 30332.173828
239500 20.775461 30332.173828
240000 20.775461 30332.173828
240500 20.775461 30332.173828
241000 20.775461 30332.173828
241500 20.775461 30332.173828
242000 20.775461 30332.173828
242500 20.775461 30332.173828
243000 20.775461 30332.173828
243500 20.775461 30332.173828
244000 20.775461 30332.173828
244500 20.775461 30332.173828
245000 20.775461 30332.173828
245500 20.775461 30332.173828
246000 20.775461 30332.173828
246500 20.775461 30332.173828
247000 20.775461 30332.173828
247500 20.775461 30332.173828
248000 20.775461 30332.173828
248500 20.775461 30332.173828
249000 20.775461 30332.173828
249500 20.775461 30332.173828
250000 20.775461 30332.173828
250500 1.000000 1460.000000
251000 1.000000 1460.000000
251500 1.000000 1460.000000
252000 1.000000 1460.000000
252500 1.000000 1460.000000
253000 1.000000 1460.000000
253500 1.000000 1460.000000
254000 1.000000 1460.000000
254500 1.000000 1460.000000
255000 1.000000 1460.000000
255500 1.000000 1460.000000
256000 1.000000 1460.000000
256500 2.000000 2920.000000
257000 2.000000 2920.000000
257500 2.000000 2920.000000
258000 2.000000 2920.000000
258500 2.000000 2920.000000
259000 2.000000 2920.000000
259500 2.000000 2920.000000
260000 2.000000 2920.000000
260500 2.000000 2920.000000
261000 2.000000 2920.000000
261500 8.000000 11680.000000
262000 8.000000 11680.000000
262500 8.000000 11680.000000
263000 8.000000 11680.000000
263500 8.000000 11680.000000
264000 8.000000 11680.000000
264500 8.000000 11680.000000
265000 8.000000 11680.000000
265500 8.000000 11680.000000
266000 8.000000 11680.000000
266500 8.000000 11680.000000
267000 8.000000 11680.000000
267500 8.000000 11680.000000
268000 8.000000 11680.000000
268500 8.000000 11680.000000
269000 8.000000 11680.000000
269500 8.000000 11680.000000
270000 8.000000 11680.000000
270500 8.000000 11680.000000
271000 8.000000 11680.000000
271500 8.000000 11680.000000
272000 8.000000 11680.000000
272500 8.000000 11680.000000
273000 8.000000 11680.000000
273500 8.000000 11680.000000
274000 8.000000 11680.000000
274500 8.000000 11680.000000
275000 8.000000 11680.000000
275500 8.000000 11680.000000
276000 8.000000 11680.000000
276500 8.000000 11680.000000
277000 8.000000 11680.000000
277500 8.000000 11680.000000
278000 8.000000 11680.000000
278500 8.000000 11680.000000
279000 8.000000 11680.000000
279500 8.000000 11680.000000
280000 8.000000 11680.000000
280500 8.000000 11680.000000
281000 8.000000 11680.000000
281500 8.000000 11680.000000
282000 8.000000 11680.000000
282500 8.000000 11680.000000
283000 8.000000 11680.000000
283500 8.000000 11680.000000
284000 8.000000 11680.000000
284500 8.000000 11680.000000
285000 8.000000 11680.000000
285500 8.000000 11680.000000
286000 8.000000 11680.000000
286500 8.000000 11680.000000
287000 8.000000 11680.000000
287500 8.000000 11680.000000
288000 8.000000 11680.000000
288500 8.000000 11680.000000
289000 8.000000 11680.000000
289500 8.000000 11680.000000
290000 8.000000 11680.000000
290500 8.000000 11680.000000
291000 8.000000 11680.000000
291500 8.000000 11680.000000
292000 8.000000 11680.000000
292500 8.000000 11680.000000
293000 8.000000 11680.000000
293500 8.000000 11680.000000
294000 8.000000 11680.000000
294500 8.000000 11680.000000
295000 8.000000 11680.000000
295500 8.000000 11680.000000
296000 8.000000 11680.000000
296500 8.000000 11680.000000
297000 8.000000 11680.000000
297500 8.000000 11680.000000
298000 8.000000 11680.000000
298500 8.000000 11680.000000
299000 8.000000 11680.000000
299500 8.000000 11680.000000
300000 8.000000 11680.000000
300500 8.000000 11680.000000
301000 8.000000 11680.000000
301500 8.000000 11680.000000
302000 8.000000 11680.000000
302500 8.000000 11680.000000
303000 1.000000 1460.000000
303500 1.000000 1460.000000
304000 1.000000 1460.000000
304500 1.000000 1460.000000
305000 1.000000 1460.000000
305500 1.000000 1460.000000
306000 1.000000 1460.000000
306500 1.000000 1460.000000
307000 1.000000 1460.000000
307500 1.000000 1460.000000
308000 1.000000 1460.000000
308500 1.000000 1460.000000
309000 1.000000 1460.000000
309500 1.000000 1460.000000
310000 1.000000 1460.000000
310500 2.000000 2920.000000
311000 2.000000 2920.000000
311500 2.000000 2920.000000
312000 2.000000 2920.000000
312500 2.000000 2920.000000
313000 2.000000 2920.000000
313500 2.000000 2920.000000
314000 2.000000 2920.000000
314500 2.000000 2920.000000
315000 2.000000 2920.000000
315500 3.000000 4380.000000
316000 4.920639 7184.132324
316500 4.920639 7184.132324
317000 4.920639 7184.132324
317500 4.920639 7184.132324
318000 4.920639 7184.132324
318500 4.920639 7184.132324
319000 4.920639 7184.132324
319500 4.920639 7184.132324
320000 4.920639 7184.132324
320500 4.920639 7184.132324
321000 4.920639 7184.132324
321500 4.920639 7184.132324
322000 4.920639 7184.132324
322500 4.920639 7184.132324
323000 4.920639 7184.132324
323500 4.920639 7184.132324
324000 4.920639 7184.132324
324500 4.920639 7184.132324
325000 4.920639 7184.132324
325500 4.920639 7184.132324
326000 4.920639 7184.132324
326500 4.920639 7184.132324
327000 4.920639 7184.132324
327500 4.920639 7184.132324
328000 4.920639 7184.132324
328500 4.920639 7184.132324
329000 4.920639 7184.132324
329500 4.188619 6115.383789
330000 4.188619 6115.383789
330500 4.188619 6115.383789
331000 4.188619 6115.383789
331500 4.188619 6115.383789
332000 4.188619 6115.383789
332500 4.188619 6115.383789
333000 4.188619 6115.383789
333500 4.188619 6115.383789
334000 4.188619 6115.383789
334500 4.188619 6115.383789
335000 3.688619 5385.383789
335500 3.688619 5385.383789
336000 3.688619 5385.383789
336500 3.688619 5385.383789
337000 3.688619 5385.383789
337500 3.688619 5385.383789
338000 3.688619 5385.383789
338500 3.688619 5385.383789
339000 3.688619 5385.383789
339500 3.688619 5385.383789
340000 3.688619 5385.383789
340500 3.688619 5385.383789
341000 3.688619 5385.383789
341500 3.688619 5385.383789
342000 3.688619 5385.383789
342500 3.688619 5385.383789
343000 3.688619 5385.383789
343500 3.688619 5385.383789
344000 3.688619 5385.383789
344500 5.092904 7435.639160
345000 5.092904 7435.639160
345500 5.092904 7435.639160
346000 5.092904 7435.639160
346500 5.092904 7435.639160
347000 5.092904 7435.639160
347500 5.092904 7435.639160
348000 5.092904 7435.639160
348500 5.092904 7435.639160
349000 5.092904 7435.639160
349500 5.092904 7435.639160
350000 5.092904 7435.639160
350500 5.092904 7435.639160
351000 5.092904 7435.639160
351500 5.092904 7435.639160
352000 5.092904 7435.639160
352500 5.092904 7435.639160
353000 5.092904 7435.639160
353500 5.092904 7435.639160
354000 5.092904 7435.639160
354500 5.092904 7435.639160
355000 5.092904 7435.639160
355500 5.092904 7435.639160
356000 5.092904 7435.639160
356500 5.092904 7435.639160
357000 5.092904 7435.639160
357500 5.092904 7435.639160
358000 5.092904 7435.639160
358500 5.092904 7435.639160
359000 5.092904 7435.639160
359500 5.092904 7435.639160
360000 5.092904 7435.639160
360500 5.092904 7435.639160
361000 5.092904 7435.639160
361500 5.092904 7435.639160
362000 5.092904 7435.639160
362500 5.092904 7435.639160
363000 5.092904 7435.639160
363500 5.092904 7435.639160
364000 5.092904 7435.639160
364500 5.092904 7435.639160
365000 5.092904 7435.639160
365500 5.092904 7435.639160
366000 5.092904 7435.639160
366500 5.092904 7435.639160
367000 5.092904 7435.639160
367500 5.092904 7435.639160
368000 5.092904 7435.639160
368500 5.092904 7435.639160
369000 5.092904 7435.639160
369500 5.092904 7435.639160
370000 5.092904 7435.639160
370500 5.092904 7435.639160
371000 5.092904 7435.639160
371500 5.092904 7435.639160
372000 5.092904 7435.639160
372500 5.092904 7435.639160
373000 5.092904 7435.639160
373500 5.092904 7435.639160
374000 5.092904 7435.639160
374500 5.092904 7435.639160
375000 5.092904 7435.639160
375500 5.092904 7435.639160
376000 5.092904 7435.639160
376500 5.092904 7435.639160
377000 5.092904 7435.639160
377500 5.092904 7435.639160
378000 5.092904 7435.639160
378500 5.092904 7435.639160
379000 5.092904 7435.639160
379500 5.092904 7435.639160
380000 5.092904 7435.639160
380500 5.092904 7435.639160
381000 5.092904 7435.639160
381500 5.092904 7435.639160
382000 5.092904 7435.639160
382500 5.092904 7435.639160
383000 5.092904 7435.639160
383500 5.092904 7435.639160
384000 5.092904 7435.639160
384500 5.092904 7435.639160
385000 5.092904 7435.639160
385500 5.092904 7435.639160
386000 5.092904 7435.639160
386500 5.092904 7435.639160
387000 5.092904 7435.639160
387500 5.092904 7435.639160
388000 5.092904 7435.639160
388500 5.092904 7435.639160
389000 5.092904 7435.639160
389500 5.092904 7435.639160
390000 5.092904 7435.639160
390500 5.092904 7435.639160
391000 5.092904 7435.639160
391500 5.092904 7435.639160
392000 5.092904 7435.639160
392500 5.092904 7435.639160
393000 5.092904 7435.639160
393500 1.000000 1460.000000
394000 1.000000 1460.000000
394500 1.000000 1460.000000
395000 1.000000 1460.000000
395500 1.000000 1460.000000
396000 1.000000 1460.000000
396500 1.000000 1460.000000
397000 1.000000 1460.000000
397500 1.000000 1460.000000
398000 1.000000 1460.000000
398500 1.000000 1460.000000
399000 1.000000 1460.000000
399500 1.000000 1460.000000
400000 2.000000 2920.000000
400500 2.000000 2920.000000
401000 2.000000 2920.000000
401500 2.000000 2920.000000
402000 2.000000 2920.000000
402500 2.000000 2920.000000
403000 2.000000 2920.000000
403500 2.000000 2920.000000
404000 2.000000 2920.000000
404500 2.000000 2920.000000
405000 4.339440 6335.582031
405500 4.339440 6335.582031
406000 4.339440 6335.582031
406500 4.339440 6335.582031
407000 4.339440 6335.582031
407500 4.339440 6335.582031
408000 4.339440 6335.582031
408500 4.339440 6335.582031
409000 4.339440 6335.582031
409500 4.339440 6335.582031
410000 4.339440 6335.582031
410500 4.339440 6335.582031
411000 4.339440 6335.582031
411500 4.339440 6335.582031
412000 4.339440 6335.582031
412500 4.339440 6335.582031
413000 4.339440 6335.582031
413500 4.339440 6335.582031
414000 4.339440 6335.582031
414500 4.339440 6335.582031
415000 4.339440 6335.582031
415500 4.339440 6335.582031
416000 4.339440 6335.582031
416500 4.339440 6335.582031
417000 4.339440 6335.582031
417500 4.339440 6335.582031
418000 4.339440 6335.582031
418500 4.339440 6335.582031
419000 4.339440 6335.582031
419500 5.754909 8402.166016
420000 5.754909 8402.166016
420500 5.754909 8402.166016
421000 5.754909 8402.166016
421500 5.754909 8402.166016
422000 5.754909 8402.166016
422500 5.754909 8402.166016
423000 5.754909 8402.166016
423500 5.754909 8402.166016
424000 5.754909 8402.166016
424500 5.754909 8402.166016
425000 5.754909 8402.166016
425500 5.754909 8402.166016
426000 5.754909 8402.166016
426500 5.754909 8402.166016
427000 5.754909 8402.166016
427500 5.754909 8402.166016
428000 5.754909 8402.166016
428500 5.754909 8402.166016
429000 5.754909 8402.166016
429500 5.754909 8402.166016
430000 5.754909 8402.166016
430500 5.754909 8402.166016
431000 5.754909 8402.166016
431500 5.754909 8402.166016
432000 5.754909 8402.166016
432500 5.761351 8411.572266
433000 4.261351 6221.571777
433500 4.261351 6221.571777
434000 4.261351 6221.571777
434500 4.261351 6221.571777
435000 4.261351 6221.571777
435500 4.261351 6221.571777
436000 4.261351 6221.571777
436500 4.261351 6221.571777
437000 4.261351 6221.571777
437500 4.261351 6221.571777
438000 4.261351 6221.571777
438500 4.261351 6221.571777
439000 4.261351 6221.571777
439500 4.261351 6221.571777
440000 4.261351 6221.571777
440500 4.261351 6221.571777
441000 3.761351 5491.571777
441500 3.761351 5491.571777
442000 3.761351 5491.571777
442500 3.761351 5491.571777
443000 3.761351 5491.571777
443500 3.761351 5491.571777
444000 3.761351 5491.571777
444500 3.761351 5491.571777
445000 3.761351 5491.571777
445500 3.761351 5491.571777
446000 3.761351 5491.571777
446500 3.761351 5491.571777
447000 3.761351 5491.571777
447500 3.761351 5491.571777
448000 3.761351 5491.571777
448500 3.761351 5491.571777
449000 3.761351 5491.571777
449500 3.761351 5491.571777
450000 5.144861 7511.496582
450500 5.144861 7511.496582
451000 5.144861 7511.496582
451500 5.144861 7511.496582
452000 5.144861 7511.496582
452500 5.144861 7511.496582
453000 5.144861 7511.496582
453500 5.144861 7511.496582
454000 5.144861 7511.496582
454500 5.144861 7511.496582
455000 5.144861 7511.496582
455500 5.144861 7511.496582
456000 5.144861 7511.496582
456500 5.144861 7511.496582
457000 5.144861 7511.496582
457500 5.144861 7511.496582
458000 5.144861 7511.496582
458500 5.144861 7511.496582
459000 5.144861 7511.496582
459500 5.144861 7511.496582
460000 5.144861 7511.496582
460500 5.144861 7511.496582
461000 5.144861 7511.496582
461500 5.144861 7511.496582
462000 5.144861 7511.496582
462500 5.144861 7511.496582
463000 6.052668 8836.894531
463500 6.052668 8836.894531
464000 6.052668 8836.894531
464500 6.052668 8836.894531
465000 6.052668 8836.894531
465500 6.052668 8836.894531
466000 6.052668 8836.894531
466500 6.052668 8836.894531
467000 6.052668 8836.894531
467500 6.052668 8836.894531
468000 6.052668 8836.894531
468500 6.052668 8836.894531
469000 6.052668 8836.894531
469500 6.052668 8836.894531
470000 6.052668 8836.894531
470500 6.052668 8836.894531
471000 6.052668 8836.894531
471500 6.052668 8836.894531
472000 6.052668 8836.894531
472500 6.052668 8836.894531
473000 6.052668 8836.894531
473500 6.052668 8836.894531
474000 6.052668 8836.894531
474500 6.052668 8836.894531
475000 6.052668 8836.894531
475500 6.052668 8836.894531
476000 6.052668 8836.894531
476500 6.052668 8836.894531
477000 6.052668 8836.894531
477500 6.052668 8836.894531
478000 6.052668 8836.894531
478500 6.052668 8836.894531
479000 6.052668 8836.894531
479500 6.052668 8836.894531
480000 6.052668 8836.894531
480500 6.052668 8836.894531
481000 6.052668 8836.894531
481500 6.052668 8836.894531
482000 6.052668 8836.894531
482500 6.052668 8836.894531
483000 6.052668 8836.894531
483500 6.052668 8836.894531
484000 6.052668 8836.894531
484500 6.052668 8836.894531
485000 6.052668 8836.894531
485500 6.052668 8836.894531
486000 6.052668 8836.894531
486500 6.052668 8836.894531
487000 6.052668 8836.894531
487500 6.052668 8836.894531
488000 6.052668 8836.894531
488500 6.052668 8836.894531
489000 6.052668 8836.894531
489500 6.052668 8836.894531
490000 6.052668 8836.894531
490500 6.052668 8836.894531
491000 6.052668 8836.894531
491500 6.052668 8836.894531
492000 6.052668 8836.894531
492500 6.052668 8836.894531
493000 6.052668 8836.894531
493500 6.052668 8836.894531
494000 6.052668 8836.894531
494500 6.052668 8836.894531
495000 6.052668 8836.894531
495500 6.052668 8836.894531
496000 6.052668 8836.894531
496500 6.052668 8836.894531
497000 6.052668 8836.894531
497500 6.052668 8836.894531
498000 6.052668 8836.894531
498500 6.052668 8836.894531
499000 6.052668 8836.894531
499500 6.052668 8836.894531
500000 6.052668 8836.894531
500500 6.052668 8836.894531
501000 6.052668 8836.894531
501500 6.052668 8836.894531
502000 6.052668 8836.894531
502500 6.052668 8836.894531
503000 6.052668 8836.894531
503500 6.052668 8836.894531
504000 6.052668 8836.894531
504500 6.052668 8836.894531
505000 6.052668 8836.894531
505500 6.052668 8836.894531
506000 6.052668 8836.894531
506500 6.052668 8836.894531
507000 6.052668 8836.894531
507500 6.052668 8836.894531
508000 6.052668 8836.894531
508500 6.052668 8836.894531
509000 6.052668 8836.894531
509500 6.052668 8836.894531
510000 6.052668 8836.894531
510500 6.052668 8836.894531
511000 6.052668 8836.894531
511500 6.052668 8836.894531
512000 6.052668 8836.894531
512500 6.052668 8836.894531
513000 6.052668 8836.894531
513500 6.052668 8836.894531
514000 6.052668 8836.894531
514500 6.052668 8836.894531
515000 6.052668 8836.894531
515500 1.000000 1460.000000
516000 1.000000 1460.000000
516500 1.000000 1460.000000
517000 1.000000 1460.000000
517500 1.000000 1460.000000
518000 1.000000 1460.000000
518500 1.000000 1460.000000
519000 1.000000 1460.000000
519500 1.000000 1460.000000
520000 1.000000 1460.000000
520500 1.000000 1460.000000
521000 1.000000 1460.000000
521500 1.000000 1460.000000
522000 2.000000 2920.000000
522500 2.000000 2920.000000
523000 2.000000 2920.000000
523500 2.000000 2920.000000
524000 2.000000 2920.000000
524500 2.000000 2920.000000
525000 2.000000 2920.000000
525500 2.000000 2920.000000
526000 2.000000 2920.000000
526500 2.000000 2920.000000
527000 2.000000 2920.000000
527500 2.000000 2920.000000
528000 2.000000 2920.000000
528500 2.000000 2920.000000
529000 2.000000 2920.000000
529500 2.000000 2920.000000
530000 2.000000 2920.000000
530500 2.000000 2920.000000
531000 2.000000 2920.000000
531500 2.000000 2920.000000
532000 2.000000 2920.000000
532500 2.000000 2920.000000
533000 2.000000 2920.000000
533500 2.000000 2920.000000
534000 2.000000 2920.000000
534500 2.000000 2920.000000
535000 2.000000 2920.000000
535500 2.000000 2920.000000
536000 2.000000 2920.000000
536500 2.000000 2920.000000
537000 2.000000 2920.000000
537500 2.000000 2920.000000
538000 2.000000 2920.000000
538500 2.000000 2920.000000
539000 2.000000 2920.000000
539500 2.000000 2920.000000
540000 2.000000 2920.000000
540500 2.000000 2920.000000
541000 2.000000 2920.000000
541500 2.000000 2920.000000
542000 2.000000 2920.000000
542500 2.000000 2920.000000
543000 2.000000 2920.000000
543500 2.000000 2920.000000
544000 2.000000 2920.000000
544500 2.000000 2920.000000
545000 2.000000 2920.000000
545500 2.000000 2920.000000
546000 2.000000 2920.000000
546500 2.000000 2920.000000
547000 2.000000 2920.000000
547500 2.000000 2920.000000
548000 2.000000 2920.000000
548500 2.000000 2920.000000
549000 2.000000 2920.000000
549500 2.000000 2920.000000
550000 2.000000 2920.000000
550500 2.000000 2920.000000
551000 2.000000 2920.000000
551500 2.000000 2920.000000
552000 2.000000 2920.000000
552500 2.000000 2920.000000
553000 2.000000 2920.000000
553500 2.000000 2920.000000
554000 2.000000 2920.000000
554500 2.000000 2920.000000
555000 2.000000 2920.000000
555500 2.000000 2920.000000
556000 2.000000 2920.000000
556500 2.000000 2920.000000
557000 2.000000 2920.000000
557500 2.000000 2920.000000
558000 2.000000 2920.000000
558500 2.000000 2920.000000
559000 2.000000 2920.000000
559500 2.000000 2920.000000
560000 2.000000 2920.000000
560500 2.000000 2920.000000
561000 2.000000 2920.000000
561500 2.000000 2920.000000
562000 2.000000 2920.000000
562500 2.000000 2920.000000
563000 2.000000 2920.000000
563500 2.000000 2920.000000
564000 2.000000 2920.000000
564500 2.000000 2920.000000
565000 2.000000 2920.000000
565500 2.000000 2920.000000
566000 2.000000 2920.000000
566500 2.000000 2920.000000
567000 2.000000 2920.000000
567500 2.000000 2920.000000
568000 2.000000 2920.000000
568500 2.000000 2920.000000
569000 2.000000 2920.000000
569500 2.000000 2920.000000
570000 2.000000 2920.000000
570500 2.000000 2920.000000
571000 2.000000 2920.000000
571500 2.000000 2920.000000
572000 2.000000 2920.000000
572500 2.000000 2920.000000
573000 2.000000 2920.000000
573500 1.000000 1460.000000
574000 1.000000 1460.000000
574500 1.000000 1460.000000
575000 1.000000 1460.000000
575500 1.000000 1460.000000
576000 1.000000 1460.000000
576500 1.000000 1460.000000
577000 1.000000 1460.000000
577500 1.000000 1460.000000
578000 1.000000 1460.000000
578500 1.000000 1460.000000
579000 1.000000 1460.000000
579500 1.000000 1460.000000
580000 1.000000 1460.000000
580500 1.000000 1460.000000
581000 2.000000 2920.000000
581500 2.000000 2920.000000
582000 2.000000 2920.000000
582500 2.000000 2920.000000
583000 2.000000 2920.000000
583500 2.000000 2920.000000
584000 2.000000 2920.000000
584500 2.000000 2920.000000
585000 2.000000 2920.000000
585500 2.000000 2920.000000
586000 2.000000 2920.000000
586500 2.000000 2920.000000
587000 2.000000 2920.000000
587500 4.339440 6335.582031
588000 4.339440 6335.582031
588500 4.339440 6335.582031
589000 4.339440 6335.582031
589500 4.339440 6335.582031
590000 4.339440 6335.582031
590500 4.339440 6335.582031
591000 4.339440 6335.582031
591500 4.339440 6335.582031
592000 4.339440 6335.582031
592500 4.339440 6335.582031
593000 4.339440 6335.582031
593500 4.339440 6335.582031
594000 4.339440 6335.582031
594500 4.339440 6335.582031
595000 4.339440 6335.582031
595500 4.339440 6335.582031
596000 4.339440 6335.582031
596500 4.339440 6335.582031
597000 4.339440 6335.582031
597500 4.339440 6335.582031
598000 4.339440 6335.582031
598500 4.339440 6335.582031
599000 4.339440 6335.582031
599500 4.339440 6335.582031
600000 4.339440 6335.582031
600500 4.339440 6335.582031
601000 4.339440 6335.582031
601500 4.339440 6335.582031
602000 4.339440 6335.582031
602500 5.754909 8402.166016
603000 5.754909 8402.166016
603500 5.754909 8402.166016
604000 5.754909 8402.166016
604500 5.754909 8402.166016
605000 5.754909 8402.166016
605500 5.754909 8402.166016
606000 5.754909 8402.166016
606500 5.754909 8402.166016
607000 5.754909 8402.166016
607500 5.754909 8402.166016
608000 5.754909 8402.166016
608500 5.754909 8402.166016
609000 5.754909 8402.166016
609500 5.754909 8402.166016
610000 5.754909 8402.166016
610500 5.754909 8402.166016
611000 5.754909 8402.166016
611500 5.754909 8402.166016
612000 5.754909 8402.166016
612500 5.754909 8402.166016
613000 5.754909 8402.166016
613500 5.754909 8402.166016
614000 5.754909 8402.166016
614500 5.754909 8402.166016
615000 5.754909 8402.166016
615500 5.754909 8402.166016
616000 5.754909 8402.166016
616500 5.754909 8402.166016
617000 5.754909 8402.166016
617500 5.754909 8402.166016
618000 6.877461 10041.093750
618500 6.877461 10041.093750
619000 6.877461 10041.093750
619500 6.877461 10041.093750
620000 6.877461 10041.093750
620500 6.877461 10041.093750
621000 6.877461 10041.093750
621500 6.877461 10041.093750
622000 6.877461 10041.093750
622500 6.877461 10041.093750
623000 6.877461 10041.093750
623500 6.877461 10041.093750
624000 6.877461 10041.093750
624500 6.877461 10041.093750
625000 6.877461 10041.093750
625500 6.877461 10041.093750
626000 6.877461 10041.093750
626500 6.877461 10041.093750
627000 6.877461 10041.093750
627500 6.877461 10041.093750
628000 6.877461 10041.093750
628500 6.877461 10041.093750
629000 6.877461 10041.093750
629500 6.877461 10041.093750
630000 6.877461 10041.093750
630500 6.877461 10041.093750
631000 6.877461 10041.093750
631500 6.877461 10041.093750
632000 7.837820 11443.216797
632500 7.837820 11443.216797
633000 7.837820 11443.216797
633500 7.837820 11443.216797
634000 7.837820 11443.216797
634500 7.837820 11443.216797
635000 7.837820 11443.216797
635500 7.837820 11443.216797
636000 7.837820 11443.216797
636500 7.837820 11443.216797
637000 7.837820 11443.216797
637500 7.837820 11443.216797
638000 7.837820 11443.216797
638500 7.837820 11443.216797
639000 7.837820 11443.216797
639500 7.837820 11443.216797
640000 7.837820 11443.216797
640500 7.837820 11443.216797
641000 7.837820 11443.216797
641500 7.837820 11443.216797
642000 7.837820 11443.216797
642500 7.837820 11443.216797
643000 7.837820 11443.216797
643500 7.837820 11443.216797
644000 7.837820 11443.216797
644500 7.837820 11443.216797
645000 7.837820 11443.216797
645500 8.090949 11812.785156
646000 8.691118 12689.032227
646500 8.691118 12689.032227
647000 8.691118 12689.032227
647500 8.691118 12689.032227
648000 8.691118 12689.032227
648500 8.691118 12689.032227
649000 8.691118 12689.032227
649500 8.691118 12689.032227
650000 8.691118 12689.032227
650500 8.691118 12689.032227
651000 8.691118 12689.032227
651500 8.691118 12689.032227
652000 8.691118 12689.032227
652500 8.691118 12689.032227
653000 8.691118 12689.032227
653500 8.691118 12689.032227
654000 8.691118 12689.032227
654500 8.691118 12689.032227
655000 8.691118 12689.032227
655500 8.691118 12689.032227
656000 8.691118 12689.032227
656500 8.691118 12689.032227
657000 8.691118 12689.032227
657500 8.691118 12689.032227
658000 8.691118 12689.032227
658500 8.691118 12689.032227
659000 9.466867 13821.626953
659500 9.466867 13821.626953
660000 9.466867 13821.626953
660500 9.466867 13821.626953
661000 9.466867 13821.626953
661500 9.466867 13821.626953
662000 9.466867 13821.626953
662500 9.466867 13821.626953
663000 9.466867 13821.626953
663500 9.466867 13821.626953
664000 9.466867 13821.626953
664500 9.466867 13821.626953
665000 9.466867 13821.626953
665500 9.466867 13821.626953
666000 9.466867 13821.626953
666500 9.466867 13821.626953
667000 9.466867 13821.626953
667500 9.466867 13821.626953
668000 9.466867 13821.626953
668500 9.466867 13821.626953
669000 9.466867 13821.626953
669500 9.466867 13821.626953
670000 9.466867 13821.626953
670500 9.466867 13821.626953
671000 9.466867 13821.626953
671500 9.466867 13821.626953
672000 10.183068 14867.279297
672500 10.183068 14867.279297
673000 10.183068 14867.279297
673500 10.183068 14867.279297
674000 10.183068 14867.279297
674500 10.183068 14867.279297
675000 10.183068 14867.279297
675500 10.183068 14867.279297
676000 10.183068 14867.279297
676500 10.183068 14867.279297
677000 10.183068 14867.279297
677500 10.183068 14867.279297
678000 10.183068 14867.279297
678500 10.183068 14867.279297
679000 10.183068 14867.279297
679500 10.183068 14867.279297
680000 10.183068 14867.279297
680500 10.183068 14867.279297
681000 10.183068 14867.279297
681500 10.183068 14867.279297
682000 10.183068 14867.279297
682500 10.183068 14867.279297
683000 10.183068 14867.279297
683500 10.183068 14867.279297
684000 10.183068 14867.279297
684500 10.851672 15843.441406
685000 10.851672 15843.441406
685500 10.851672 15843.441406
686000 10.851672 15843.441406
686500 10.851672 15843.441406
687000 10.851672 15843.441406
687500 10.851672 15843.441406
688000 10.851672 15843.441406
688500 10.851672 15843.441406
689000 10.851672 15843.441406
689500 10.851672 15843.441406
690000 10.851672 15843.441406
690500 10.851672 15843.441406
691000 10.851672 15843.441406
691500 10.851672 15843.441406
692000 10.851672 15843.441406
692500 10.851672 15843.441406
693000 10.851672 15843.441406
693500 10.851672 15843.441406
694000 10.851672 15843.441406
694500 10.851672 15843.441406
695000 10.851672 15843.441406
695500 10.851672 15843.441406
696000 10.851672 15843.441406
696500 10.851672 15843.441406
697000 10.851672 15843.441406
697500 10.851672 15843.441406
698000 11.481088 16762.388672
698500 11.481088 16762.388672
699000 11.481088 16762.388672
699500 11.481088 16762.388672
700000 11.481088 16762.388672
700500 11.481088 16762.388672
701000 11.481088 16762.388672
701500 11.481088 16762.388672
702000 11.481088 16762.388672
702500 11.481088 16762.388672
703000 11.481088 16762.388672
703500 11.481088 16762.388672
704000 11.481088 16762.388672
704500 11.481088 16762.388672
705000 11.481088 16762.388672
705500 11.481088 16762.388672
706000 11.481088 16762.388672
706500 11.481088 16762.388672
707000 11.481088 16762.388672
707500 11.481088 16762.388672
708000 11.481088 16762.388672
708500 11.481088 16762.388672
709000 11.481088 16762.388672
709500 11.481088 16762.388672
710000 11.481088 16762.388672
710500 11.481088 16762.388672
711000 11.481088 16762.388672
711500 11.481088 16762.388672
712000 11.481088 16762.388672
712500 11.481088 16762.388672
713000 11.481088 16762.388672
713500 11.481088 16762.388672
714000 11.481088 16762.388672
714500 12.077508 17633.162109
715000 12.077508 17633.162109
715500 12.077508 17633.162109
716000 12.077508 17633.162109
716500 12.077508 17633.162109
717000 12.077508 17633.162109
717500 12.077508 17633.162109
718000 12.077508 17633.162109
718500 12.077508 17633.162109
719000 12.077508 17633.162109
719500 12.077508 17633.162109
720000 12.077508 17633.162109
720500 12.077508 17633.162109
721000 12.077508 17633.162109
721500 12.077508 17633.162109
722000 12.077508 17633.162109
722500 12.077508 17633.162109
723000 12.077508 17633.162109
723500 12.077508 17633.162109
724000 12.077508 17633.162109
724500 12.077508 17633.162109
725000 12.077508 17633.162109
725500 12.077508 17633.162109
726000 12.077508 17633.162109
726500 12.077508 17633.162109
727000 12.077508 17633.162109
727500 12.645644 18462.640625
728000 12.645644 18462.640625
728500 12.645644 18462.640625
729000 12.645644 18462.640625
729500 12.645644 18462.640625
730000 12.645644 18462.640625
730500 12.645644 18462.640625
731000 12.645644 18462.640625
731500 12.645644 18462.640625
732000 12.645644 18462.640625
732500 12.645644 18462.640625
733000 12.645644 18462.640625
733500 12.645644 18462.640625
734000 12.645644 18462.640625
734500 12.645644 18462.640625
735000 12.645644 18462.640625
735500 12.645644 18462.640625
736000 12.645644 18462.640625
736500 12.645644 18462.640625
737000 12.645644 18462.640625
737500 12.645644 18462.640625
738000 12.645644 18462.640625
738500 12.645644 18462.640625
739000 12.645644 18462.640625
739500 12.645644 18462.640625
740000 12.645644 18462.640625
740500 12.645644 18462.640625
741000 12.645644 18462.640625
741500 12.645644 18462.640625
742000 12.645644 18462.640625
742500 12.645644 18462.640625
743000 12.645644 18462.640625
743500 12.645644 18462.640625
744000 13.112923 19144.867188
744500 13.112923 19144.867188
745000 13.112923 19144.867188
745500 13.112923 19144.867188
746000 13.112923 19144.867188
746500 13.112923 19144.867188
747000 13.112923 19144.867188
747500 13.112923 19144.867188
748000 13.112923 19144.867188
748500 13.112923 19144.867188
749000 13.112923 19144.867188
749500 13.112923 19144.867188
750000 13.112923 19144.867188
750500 13.112923 19144.867188
751000 13.112923 19144.867188
751500 13.112923 19144.867188
752000 13.112923 19144.867188
752500 13.112923 19144.867188
753000 13.112923 19144.867188
753500 13.112923 19144.867188
754000 13.112923 19144.867188
754500 13.112923 19144.867188
755000 13.112923 19144.867188
755500 13.112923 19144.867188
756000 13.112923 19144.867188
756500 13.112923 19144.867188
757000 13.112923 19144.867188
757500 13.112923 19144.867188
758000 13.112923 19144.867188
758500 13.112923 19144.867188
759000 13.112923 19144.867188
759500 13.112923 19144.867188
760000 13.112923 19144.867188
760500 13.112923 19144.867188
761000 13.112923 19144.867188
761500 13.112923 19144.867188
762000 13.112923 19144.867188
762500 13.112923 19144.867188
763000 13.112923 19144.867188
763500 13.112923 19144.867188
764000 13.112923 19144.867188
764500 13.112923 19144.867188
765000 13.112923 19144.867188
765500 13.112923 19144.867188
766000 13.112923 19144.867188
766500 13.112923 19144.867188
767000 13.112923 19144.867188
767500 13.112923 19144.867188
768000 13.112923 19144.867188
768500 13.112923 19144.867188
769000 13.112923 19144.867188
769500 13.112923 19144.867188
770000 13.112923 19144.867188
770500 13.112923 19144.867188
771000 13.112923 19144.867188
771500 13.112923 19144.867188
772000 13.112923 19144.867188
772500 13.112923 19144.867188
773000 13.112923 19144.867188
773500 13.112923 19144.867188
774000 13.112923 19144.867188
774500 13.112923 19144.867188
775000 13.112923 19144.867188
775500 13.112923 19144.867188
776000 13.112923 19144.867188
776500 13.112923 19144.867188
777000 13.112923 19144.867188
777500 13.112923 19144.867188
778000 13.112923 19144.867188
778500 13.112923 19144.867188
779000 13.112923 19144.867188
779500 13.112923 19144.867188
780000 13.112923 19144.867188
780500 13.112923 19144.867188
781000 13.112923 19144.867188
781500 13.112923 19144.867188
782000 13.112923 19144.867188
782500 13.112923 19144.867188
783000 13.112923 19144.867188
783500 13.112923 19144.867188
784000 13.112923 19144.867188
784500 13.112923 19144.867188
785000 13.112923 19144.867188
785500 13.112923 19144.867188
786000 13.112923 19144.867188
786500 13.112923 19144.867188
787000 13.112923 19144.867188
787500 13.112923 19144.867188
788000 13.112923 19144.867188
788500 13.112923 19144.867188
789000 13.112923 19144.867188
789500 13.112923 19144.867188
790000 13.112923 19144.867188
790500 13.112923 19144.867188
791000 13.112923 19144.867188
791500 13.112923 19144.867188
792000 13.112923 19144.867188
792500 13.112923 19144.867188
793000 13.112923 19144.867188
793500 13.112923 19144.867188
794000 13.112923 19144.867188
794500 13.112923 19144.867188
795000 1.000000 1460.000000
795500 1.000000 1460.000000
796000 1.000000 1460.000000
796500 1.000000 1460.000000
797000 1.000000 1460.000000
797500 1.000000 1460.000000
798000 1.000000 1460.000000
798500 1.000000 1460.000000
799000 1.000000 1460.000000
799500 1.000000 1460.000000
800000 1.000000 1460.000000
800500 1.000000 1460.000000
801000 1.000000 1460.000000
801500 2.000000 2920.000000
802000 2.000000 2920.000000
802500 2.000000 2920.000000
803000 2.000000 2920.000000
803500 2.000000 2920.000000
804000 2.000000 2920.000000
804500 2.000000 2920.000000
805000 2.000000 2920.000000
805500 2.000000 2920.000000
806000 2.000000 2920.000000
806500 2.000000 2920.000000
807000 6.486836 9470.780273
807500 6.486836 9470.780273
808000 6.486836 9470.780273
808500 6.486836 9470.780273
809000 6.486836 9470.780273
809500 6.486836 9470.780273
810000 6.486836 9470.780273
810500 6.486836 9470.780273
811000 6.486836 9470.780273
811500 6.486836 9470.780273
812000 6.486836 9470.780273
812500 6.486836 9470.780273
813000 6.486836 9470.780273
813500 6.486836 9470.780273
814000 6.486836 9470.780273
814500 6.486836 9470.780273
815000 6.486836 9470.780273
815500 6.486836 9470.780273
816000 6.486836 9470.780273
816500 6.486836 9470.780273
817000 6.486836 9470.780273
817500 6.486836 9470.780273
818000 6.486836 9470.780273
818500 6.486836 9470.780273
819000 6.486836 9470.780273
819500 6.486836 9470.780273
820000 6.486836 9470.780273
820500 6.486836 9470.780273
821000 6.486836 9470.780273
821500 6.486836 9470.780273
822000 7.498365 10947.612305
822500 7.498365 10947.612305
823000 7.498365 10947.612305
823500 7.498365 10947.612305
824000 7.498365 10947.612305
824500 7.498365 10947.612305
825000 7.498365 10947.612305
825500 7.498365 10947.612305
826000 7.498365 10947.612305
826500 7.498365 10947.612305
827000 7.498365 10947.612305
827500 7.498365 10947.612305
828000 7.498365 10947.612305
828500 7.498365 10947.612305
829000 7.498365 10947.612305
829500 7.498365 10947.612305
830000 7.498365 10947.612305
830500 7.498365 10947.612305
831000 7.498365 10947.612305
831500 7.498365 10947.612305
832000 7.498365 10947.612305
832500 7.498365 10947.612305
833000 7.498365 10947.612305
833500 8.265816 12068.090820
834000 8.265816 12068.090820
834500 8.265816 12068.090820
835000 8.265816 12068.090820
835500 8.265816 12068.090820
836000 8.265816 12068.090820
836500 8.265816 12068.090820
837000 8.265816 12068.090820
837500 8.265816 12068.090820
838000 8.265816 12068.090820
838500 8.265816 12068.090820
839000 8.265816 12068.090820
839500 8.265816 12068.090820
840000 8.265816 12068.090820
840500 8.265816 12068.090820
841000 8.265816 12068.090820
841500 8.265816 12068.090820
842000 8.265816 12068.090820
842500 8.265816 12068.090820
843000 8.265816 12068.090820
843500 8.265816 12068.090820
844000 8.265816 12068.090820
844500 8.265816 12068.090820
845000 8.265816 12068.090820
845500 8.265816 12068.090820
846000 8.966921 13091.704102
846500 8.966921 13091.704102
847000 8.966921 13091.704102
847500 8.966921 13091.704102
848000 8.966921 13091.704102
848500 8.966921 13091.704102
849000 8.966921 13091.704102
849500 8.966921 13091.704102
850000 8.966921 13091.704102
850500 8.966921 13091.704102
851000 8.966921 13091.704102
851500 8.966921 13091.704102
852000 8.966921 13091.704102
852500 8.966921 13091.704102
853000 8.966921 13091.704102
853500 8.966921 13091.704102
854000 8.966921 13091.704102
854500 8.966921 13091.704102
855000 8.966921 13091.704102
855500 8.966921 13091.704102
856000 8.966921 13091.704102
856500 8.966921 13091.704102
857000 8.966921 13091.704102
857500 8.966921 13091.704102
858000 8.966921 13091.704102
858500 8.966921 13091.704102
859000 8.966921 13091.704102
859500 8.966921 13091.704102
860000 8.966921 13091.704102
860500 8.966921 13091.704102
861000 8.966921 13091.704102
861500 8.966921 13091.704102
862000 8.966921 13091.704102
862500 8.966921 13091.704102
863000 8.966921 13091.704102
863500 8.966921 13091.704102
864000 8.966921 13091.704102
864500 8.966921 13091.704102
865000 8.966921 13091.704102
865500 8.966921 13091.704102
866000 9.720433 14191.833008
866500 9.720433 14191.833008
867000 9.720433 14191.833008
867500 9.720433 14191.833008
868000 9.720433 14191.833008
868500 9.720433 14191.833008
869000 9.720433 14191.833008
869500 9.720433 14191.833008
870000 9.720433 14191.833008
870500 9.720433 14191.833008
871000 9.720433 14191.833008
871500 9.720433 14191.833008
872000 9.720433 14191.833008
872500 9.720433 14191.833008
873000 9.720433 14191.833008
873500 9.720433 14191.833008
874000 9.720433 14191.833008
874500 9.720433 14191.833008
875000 9.720433 14191.833008
875500 9.720433 14191.833008
876000 9.720433 14191.833008
876500 9.720433 14191.833008
877000 9.720433 14191.833008
877500 9.720433 14191.833008
878000 9.720433 14191.833008
878500 9.720433 14191.833008
879000 9.720433 14191.833008
879500 9.720433 14191.833008
880000 9.720433 14191.833008
880500 9.720433 14191.833008
881000 9.720433 14191.833008
881500 10.419049 15211.811523
882000 10.419049 15211.811523
882500 10.419049 15211.811523
883000 10.419049 15211.811523
883500 10.419049 15211.811523
884000 10.419049 15211.811523
884500 10.419049 15211.811523
885000 10.419049 15211.811523
885500 10.419049 15211.811523
886000 10.419049 15211.811523
886500 10.419049 15211.811523
887000 10.419049 15211.811523
887500 10.419049 15211.811523
888000 10.419049 15211.811523
888500 10.419049 15211.811523
889000 10.419049 15211.811523
889500 10.419049 15211.811523
890000 10.419049 15211.811523
890500 10.419049 15211.811523
891000 10.419049 15211.811523
891500 10.419049 15211.811523
892000 10.419049 15211.811523
892500 10.419049 15211.811523
893000 10.419049 15211.811523
893500 10.419049 15211.811523
894000 10.419049 15211.811523
894500 10.419049 15211.811523
895000 10.419049 15211.811523
895500 10.419049 15211.811523
896000 10.419049 15211.811523
896500 10.419049 15211.811523
897000 10.419049 15211.811523
897500 10.482234 15304.061523
898000 10.482234 15304.061523
898500 10.482234 15304.061523
899000 10.482234 15304.061523
899500 10.482234 15304.061523
900000 10.482234 15304.061523
900500 10.482234 15304.061523
901000 10.482234 15304.061523
901500 10.482234 15304.061523
902000 10.482234 15304.061523
902500 10.482234 15304.061523
903000 10.482234 15304.061523
903500 10.482234 15304.061523
904000 10.482234 15304.061523
904500 10.482234 15304.061523
905000 10.482234 15304.061523
905500 9.982234 14574.061523
906000 9.982234 14574.061523
906500 9.982234 14574.061523
907000 9.982234 14574.061523
907500 9.982234 14574.061523
908000 9.982234 14574.061523
908500 9.982234 14574.061523
909000 9.982234 14574.061523
909500 9.982234 14574.061523
910000 9.982234 14574.061523
910500 9.982234 14574.061523
911000 9.982234 14574.061523
911500 9.982234 14574.061523
912000 9.982234 14574.061523
912500 9.982234 14574.061523
913000 9.982234 14574.061523
913500 9.982234 14574.061523
914000 9.982234 14574.061523
914500 9.982234 14574.061523
915000 9.982234 14574.061523
915500 10.568933 15430.642578
916000 10.568933 15430.642578
916500 10.568933 15430.642578
917000 10.568933 15430.642578
917500 10.568933 15430.642578
918000 10.568933 15430.642578
918500 10.568933 15430.642578
919000 10.568933 15430.642578
919500 10.568933 15430.642578
920000 10.568933 15430.642578
920500 10.568933 15430.642578
921000 10.568933 15430.642578
921500 10.568933 15430.642578
922000 10.568933 15430.642578
922500 10.568933 15430.642578
923000 10.568933 15430.642578
923500 10.568933 15430.642578
924000 10.568933 15430.642578
924500 10.568933 15430.642578
925000 10.568933 15430.642578
925500 10.568933 15430.642578
926000 10.568933 15430.642578
926500 10.568933 15430.642578
927000 10.568933 15430.642578
927500 10.568933 15430.642578
928000 10.568933 15430.642578
928500 10.568933 15430.642578
929000 10.568933 15430.642578
929500 11.214361 16372.967773
930000 11.214361 16372.967773
930500 11.214361 16372.967773
931000 11.214361 16372.967773
931500 11.214361 16372.967773
932000 11.214361 16372.967773
932500 11.214361 16372.967773
933000 11.214361 16372.967773
933500 11.214361 16372.967773
934000 11.214361 16372.967773
934500 11.214361 16372.967773
935000 11.214361 16372.967773
935500 11.214361 16372.967773
936000 11.214361 16372.967773
936500 11.214361 16372.967773
937000 11.214361 16372.967773
937500 11.214361 16372.967773
938000 11.214361 16372.967773
938500 11.214361 16372.967773
939000 11.214361 16372.967773
939500 11.214361 16372.967773
940000 11.214361 16372.967773
940500 11.214361 16372.967773
941000 11.214361 16372.967773
941500 11.214361 16372.967773
942000 11.214361 16372.967773
942500 11.214361 16372.967773
943000 11.214361 16372.967773
943500 11.214361 16372.967773
944000 11.214361 16372.967773
944500 11.214361 16372.967773
945000 11.214361 16372.967773
945500 11.824342 17263.539062
946000 11.824342 17263.539062
946500 11.824342 17263.539062
947000 11.824342 17263.539062
947500 11.824342 17263.539062
948000 11.824342 17263.539062
948500 11.824342 17263.539062
949000 11.824342 17263.539062
949500 11.824342 17263.539062
950000 11.824342 17263.539062
950500 11.824342 17263.539062
951000 11.824342 17263.539062
951500 11.824342 17263.539062
952000 11.824342 17263.539062
952500 11.824342 17263.539062
953000 11.824342 17263.539062
953500 11.824342 17263.539062
954000 11.824342 17263.539062
954500 11.824342 17263.539062
955000 11.824342 17263.539062
955500 11.824342 17263.539062
956000 11.824342 17263.539062
956500 11.824342 17263.539062
957000 11.824342 17263.539062
957500 11.824342 17263.539062
958000 11.824342 17263.539062
958500 11.824342 17263.539062
959000 11.824342 17263.539062
959500 12.404156 18110.066406
960000 12.404156 18110.066406
960500 12.404156 18110.066406
961000 12.404156 18110.066406
961500 12.404156 18110.066406
962000 12.404156 18110.066406
962500 12.404156 18110.066406
963000 12.404156 18110.066406
963500 12.404156 18110.066406
964000 12.404156 18110.066406
964500 12.404156 18110.066406
965000 12.404156 18110.066406
965500 12.404156 18110.066406
966000 12.404156 18110.066406
966500 12.404156 18110.066406
967000 12.404156 18110.066406
967500 12.404156 18110.066406
968000 12.404156 18110.066406
968500 12.404156 18110.066406
969000 12.404156 18110.066406
969500 12.404156 18110.066406
970000 12.404156 18110.066406
970500 12.404156 18110.066406
971000 12.404156 18110.066406
971500 12.404156 18110.066406
972000 12.404156 18110.066406
972500 12.404156 18110.066406
973000 12.404156 18110.066406
973500 12.404156 18110.066406
974000 12.404156 18110.066406
974500 12.404156 18110.066406
975000 12.404156 18110.066406
975500 12.957889 18918.517578
976000 12.957889 18918.517578
976500 12.957889 18918.517578
977000 12.957889 18918.517578
977500 12.957889 18918.517578
978000 12.957889 18918.517578
978500 12.957889 18918.517578
979000 12.957889 18918.517578
979500 12.957889 18918.517578
980000 12.957889 18918.517578
980500 12.957889 18918.517578
981000 12.957889 18918.517578
981500 12.957889 18918.517578
982000 12.957889 18918.517578
982500 12.957889 18918.517578
983000 12.957889 18918.517578
983500 12.957889 18918.517578
984000 12.957889 18918.517578
984500 12.957889 18918.517578
985000 12.957889 18918.517578
985500 12.957889 18918.517578
986000 12.957889 18918.517578
986500 12.957889 18918.517578
987000 12.957889 18918.517578
987500 12.957889 18918.517578
988000 12.957889 18918.517578
988500 12.957889 18918.517578
989000 13.414231 19584.777344
989500 13.414231 19584.777344
990000 13.414231 19584.777344
990500 13.414231 19584.777344
991000 13.414231 19584.777344
991500 13.414231 19584.777344
992000 13.414231 19584.777344
992500 13.414231 19584.777344
993000 13.414231 19584.777344
993500 13.414231 19584.777344
994000 13.414231 19584.777344
994500 13.414231 19584.777344
995000 13.414231 19584.777344
995500 13.414231 19584.777344
996000 13.414231 19584.777344
996500 13.414231 19584.777344
997000 13.414231 19584.777344
997500 13.414231 19584.777344
998000 13.414231 19584.777344
998500 13.414231 19584.777344
999000 13.414231 19584.777344
999500 13.414231 19584.777344
1000000 13.414231 19584.777344
